# Arreglo aleatorio
3.93e-01
3.21e-01
4.82e-01
7.59e-01
2.19e-01
7.55e-01
2.88e-01
2.92e-01
8.89e-01
2.82e-01
2.49e-01
3.99e-01
7.66e-01
8.58e-01
2.20e-01
4.24e-01
7.87e-01
9.47e-01
4.42e-01
9.65e-01
7.05e-01
5.35e-01
6.46e-01
8.02e-02
4.12e-01
6.15e-01
1.21e-01
5.94e-01
3.29e-01
4.68e-01
5.30e-01
3.33e-01
5.29e-02
7.98e-01
3.39e-01
6.44e-01
2.74e-01
6.88e-01
4.24e-01
8.03e-01
4.06e-01
8.09e-02
8.60e-02
3.56e-01
5.07e-01
4.61e-01
2.50e-01
7.34e-01
9.68e-01
3.81e-01
1.25e-01
5.09e-01
7.16e-02
4.22e-01
9.62e-01
8.57e-01
9.64e-02
2.14e-01
3.20e-01
4.52e-01
4.87e-01
3.91e-01
1.14e-01
5.94e-02
9.10e-01
7.30e-01
1.28e-01
2.41e-02
2.66e-01
7.09e-01
4.56e-01
4.95e-01
3.68e-01
6.39e-01
2.95e-01
8.03e-01
5.91e-01
4.28e-01
6.51e-01
1.69e-01
5.20e-01
8.63e-02
9.04e-01
1.29e-01
6.53e-01
8.88e-02
9.45e-01
3.89e-01
9.25e-02
8.32e-01
6.81e-01
5.14e-01
4.12e-01
6.54e-02
3.84e-01
3.72e-01
7.77e-01
2.05e-01
9.00e-02
7.02e-01
