[[ 0.  0.  1.  1.  1.]
 [ 1.  2.  2.  2.  2.]
 [ 2.  3.  3.  3.  3.]
 [ 3.  4.  4.  4.  4.]
 [ 4.  5.  5.  5.  5.]]
Out[691]: 
(array([[ 1.,  1.,  1.,  1.,  1.],
        [ 1.,  2.,  1.,  1.,  1.],
        [ 1.,  1.,  3.,  1.,  1.],
        [ 1.,  1.,  1.,  4.,  1.],
        [ 1.,  1.,  1.,  1.,  5.]]), 1)
 resultadoA.txt
ej1b=np.zeros((4,4))
ej1b[3,:]=np.linspace(1,4,4)
ej1b

Out[717]: 
array([[ 0.,  0.,  0.,  0.],
       [ 0.,  0.,  0.,  0.],
       [ 0.,  0.,  0.,  0.],
       [ 1.,  2.,  3.,  4.]])
 resultadoB.txt
